world=minecraft:overworld
cancelled=true
center-x=973.428925057196
center-z=988.172269479223
radius=500.0
radius-z=700.0
shape=square
pattern=region
chunks=4175
time=311192
