world=minecraft:overworld
cancelled=true
center-x=-388.4556647416821
center-z=242.98448831841773
radius=500.0
radius-z=700.0
shape=square
pattern=region
chunks=4175
time=315002
