world=minecraft:overworld
cancelled=true
center-x=354.65451756592245
center-z=-256.12249426927104
radius=500.0
radius-z=500.0
shape=rectangle
pattern=loop
chunks=4174
time=415693
